1 21
1 31
1 37
1 44
1 56
1 64
1 67
1 70
1 71
1 79
1 91
1 101
1 103
1 114
1 124
1 127
1 129
1 141
1 144
1 148
2 1
2 2
2 11
2 12
2 44
2 63
2 66
2 77
2 79
2 80
2 84
2 85
2 91
2 99
2 101
2 105
2 117
2 118
2 122
2 124
2 135
2 145
2 148
2 155
3 3
3 41
3 66
3 99
3 108
3 149
3 155
4 21
4 44
4 47
4 90
5 27
5 40
5 50
5 60
5 78
5 92
5 93
5 96
5 114
5 121
5 151
6 6
6 20
6 32
6 42
6 44
6 70
6 75
6 79
6 94
6 103
6 117
6 118
6 119
6 147
6 153
8 1
8 2
8 3
8 6
8 8
8 9
8 11
8 12
8 13
8 15
8 20
8 22
8 23
8 25
8 29
8 31
8 32
8 34
8 37
8 41
8 44
8 46
8 51
8 52
8 53
8 56
8 57
8 62
8 63
8 64
8 65
8 66
8 69
8 71
8 75
8 77
8 79
8 80
8 83
8 84
8 89
8 91
8 94
8 99
8 100
8 101
8 103
8 107
8 108
8 110
8 111
8 113
8 117
8 118
8 122
8 124
8 125
8 130
8 133
8 135
8 136
8 144
8 148
8 149
8 151
8 153
8 155
10 10
10 18
10 28
10 35
10 39
10 48
10 49
10 57
10 73
10 74
10 81
10 82
10 102
10 116
10 118
10 146
10 154
11 2
11 11
11 29
11 63
11 66
11 77
11 79
11 84
11 85
11 91
11 117
11 148
12 8
12 12
12 18
12 25
12 46
12 66
12 69
12 83
12 122
12 148
12 149
12 155
13 13
13 14
13 52
13 58
13 82
13 106
13 108
13 116
13 133
13 146
14 142
15 9
15 23
15 41
15 65
15 99
15 111
15 136
15 156
16 8
16 16
16 46
16 60
16 62
16 66
16 81
16 110
16 114
16 122
16 124
16 135
16 148
17 17
17 36
17 45
17 120
18 10
18 18
18 21
18 28
18 35
18 39
18 47
18 48
18 49
18 57
18 58
18 62
18 66
18 73
18 74
18 81
18 116
18 118
18 123
18 132
18 146
19 4
19 90
19 115
19 120
19 132
19 137
20 6
20 20
20 30
20 31
20 44
20 67
20 70
20 71
20 75
20 84
20 91
20 109
20 124
20 129
20 135
21 1
21 4
21 18
21 21
21 22
21 25
21 28
21 35
21 41
21 44
21 47
21 48
21 56
21 58
21 62
21 66
21 69
21 73
21 74
21 99
21 106
21 114
21 118
21 123
21 125
21 132
21 134
21 136
21 137
21 141
21 144
21 146
21 148
22 9
22 22
22 99
22 100
22 108
22 132
23 23
23 34
23 41
23 52
23 65
23 111
24 112
24 120
25 8
25 12
25 66
25 148
27 54
27 92
27 96
27 144
28 10
28 18
28 35
28 39
28 48
28 49
28 58
28 73
28 74
28 81
28 82
28 102
28 116
28 118
28 146
28 154
29 69
29 109
29 148
30 9
30 15
30 20
30 30
30 31
30 44
30 56
30 65
30 70
30 85
30 104
30 113
30 135
30 136
30 144
30 156
31 31
31 44
31 70
31 103
31 129
31 153
32 6
32 54
32 79
32 92
32 147
33 33
34 4
34 23
34 41
34 52
34 65
34 99
34 111
34 120
34 134
34 149
35 10
35 18
35 21
35 28
35 35
35 46
35 48
35 49
35 57
35 58
35 73
35 74
35 78
35 81
35 102
35 110
35 114
35 116
35 118
35 146
35 150
35 154
36 112
36 120
36 138
37 31
37 44
37 64
37 67
37 70
37 103
37 129
37 141
37 144
39 18
39 28
39 35
39 48
39 49
39 57
39 58
39 73
39 74
39 81
39 82
39 102
39 116
39 118
39 146
40 20
40 27
40 29
40 40
40 49
40 51
40 54
40 55
40 58
40 63
40 64
40 78
40 84
40 85
40 91
40 94
40 95
40 97
40 105
40 109
40 119
40 121
40 135
40 143
41 16
41 23
41 34
41 41
41 52
41 65
41 66
41 79
41 99
41 111
41 123
41 132
41 149
42 42
42 54
42 64
42 75
42 107
42 124
44 1
44 2
44 4
44 6
44 20
44 30
44 31
44 37
44 44
44 54
44 56
44 64
44 66
44 67
44 70
44 75
44 79
44 80
44 90
44 91
44 94
44 97
44 103
44 104
44 113
44 118
44 119
44 124
44 127
44 129
44 135
44 136
44 137
44 141
44 144
44 150
44 153
44 156
45 36
45 45
45 88
45 112
45 120
45 126
45 128
45 137
45 138
46 5
46 16
46 27
46 35
46 46
46 50
46 54
46 60
46 62
46 66
46 78
46 92
46 93
46 96
46 102
46 110
46 114
46 121
46 132
46 136
46 148
47 4
47 12
47 18
47 19
47 21
47 25
47 44
47 47
47 56
47 62
47 68
47 90
47 98
47 99
47 104
47 110
47 114
47 115
47 120
47 123
47 132
47 134
47 137
47 148
48 21
48 28
48 35
48 39
48 49
48 57
48 58
48 73
48 74
48 81
48 82
48 102
48 116
48 118
48 146
48 154
49 8
49 18
49 28
49 35
49 39
49 48
49 49
49 57
49 58
49 60
49 73
49 74
49 81
49 82
49 102
49 146
50 5
50 12
50 27
50 50
50 54
50 60
50 66
50 92
50 93
50 96
50 110
50 121
51 40
51 80
51 91
51 101
52 34
52 65
52 133
53 53
54 27
54 44
54 46
54 49
54 54
54 66
54 78
54 89
54 92
54 96
54 110
54 114
55 40
55 55
55 84
55 91
55 92
56 1
56 44
56 64
56 66
56 119
56 124
56 135
56 153
57 8
57 10
57 12
57 18
57 28
57 35
57 39
57 48
57 49
57 57
57 58
57 62
57 69
57 73
57 81
57 82
57 83
57 91
57 108
57 125
57 146
57 148
57 154
57 155
58 10
58 13
58 18
58 28
58 35
58 39
58 48
58 49
58 57
58 58
58 69
58 73
58 74
58 81
58 82
58 102
58 116
58 118
58 146
58 154
60 2
60 5
60 22
60 27
60 49
60 50
60 54
60 60
60 66
60 77
60 78
60 93
60 96
60 99
60 101
60 110
60 121
60 137
60 144
60 151
60 155
60 156
61 61
62 1
62 8
62 12
62 16
62 18
62 21
62 25
62 46
62 57
62 62
62 66
62 69
62 83
62 99
62 110
62 114
62 122
62 123
62 132
62 148
63 2
63 11
63 63
63 84
63 85
63 124
64 1
64 4
64 6
64 11
64 30
64 31
64 37
64 40
64 42
64 44
64 55
64 56
64 63
64 64
64 67
64 70
64 71
64 75
64 76
64 79
64 84
64 85
64 90
64 91
64 95
64 97
64 103
64 105
64 107
64 109
64 124
64 127
64 129
64 135
64 141
64 143
64 144
64 147
64 149
64 150
64 153
65 15
65 30
65 34
65 41
65 100
66 1
66 2
66 3
66 4
66 8
66 12
66 15
66 16
66 21
66 22
66 25
66 41
66 44
66 46
66 50
66 54
66 60
66 62
66 66
66 69
66 79
66 81
66 83
66 85
66 89
66 90
66 91
66 99
66 110
66 117
66 121
66 122
66 123
66 124
66 125
66 132
66 135
66 136
66 137
66 144
66 148
66 149
66 150
66 155
66 156
67 6
67 20
67 31
67 37
67 44
67 56
67 60
67 67
67 70
67 103
67 113
67 118
67 119
67 127
67 135
69 1
69 2
69 3
69 8
69 12
69 16
69 17
69 22
69 37
69 41
69 44
69 46
69 49
69 52
69 57
69 62
69 64
69 66
69 69
69 70
69 75
69 79
69 81
69 83
69 91
69 97
69 99
69 101
69 103
69 104
69 107
69 108
69 113
69 119
69 122
69 123
69 124
69 127
69 132
69 134
69 136
69 137
69 144
69 147
69 148
69 149
69 150
69 153
69 155
69 156
70 4
70 6
70 20
70 30
70 31
70 37
70 44
70 56
70 64
70 67
70 70
70 75
70 76
70 90
70 103
70 104
70 113
70 118
70 119
70 127
70 129
70 153
71 135
71 148
72 24
72 45
72 72
72 88
72 126
72 128
72 138
73 10
73 18
73 21
73 28
73 39
73 48
73 49
73 58
73 73
73 74
73 81
73 82
73 102
73 116
73 118
73 146
73 154
74 13
74 18
74 28
74 35
74 39
74 48
74 73
74 82
74 102
74 116
74 146
74 154
75 1
75 4
75 6
75 11
75 20
75 40
75 42
75 44
75 54
75 55
75 63
75 64
75 70
75 75
75 84
75 85
75 91
75 95
75 97
75 105
75 107
75 109
75 113
75 135
75 143
75 153
76 31
76 92
76 96
76 103
76 119
76 129
76 130
76 144
76 150
77 2
77 11
77 80
78 5
78 16
78 27
78 35
78 40
78 50
78 54
78 60
78 78
78 92
78 93
78 94
78 96
78 99
78 110
78 114
78 121
79 6
79 11
79 32
79 66
79 79
79 91
79 94
79 117
79 124
79 143
79 147
80 2
80 8
80 44
80 66
80 77
80 91
80 101
80 118
80 119
80 155
81 18
81 28
81 35
81 39
81 48
81 49
81 57
81 58
81 69
81 73
81 74
81 81
81 146
81 148
82 13
82 28
82 39
82 48
82 49
82 58
82 73
82 74
82 82
82 83
82 102
82 116
82 146
82 154
83 3
83 8
83 12
83 46
83 57
83 62
83 66
83 69
83 81
83 82
83 83
83 122
83 125
83 148
83 155
84 51
84 55
84 63
84 80
84 84
84 85
84 91
84 97
85 2
85 9
85 11
85 20
85 30
85 55
85 56
85 63
85 64
85 77
85 84
85 85
85 91
85 97
85 105
85 124
85 135
85 136
85 143
85 144
85 155
85 156
87 126
88 24
88 36
88 72
88 120
88 126
88 128
88 138
89 11
89 66
89 89
89 96
89 135
90 1
90 4
90 44
90 56
90 113
90 137
91 2
91 8
91 11
91 40
91 44
91 51
91 54
91 55
91 63
91 64
91 66
91 67
91 77
91 79
91 80
91 84
91 85
91 91
91 96
91 97
91 105
91 117
91 121
91 124
91 136
91 143
91 149
92 27
92 32
92 35
92 40
92 46
92 54
92 55
92 60
92 66
92 74
92 76
92 92
92 93
92 94
92 96
92 101
92 110
92 117
92 118
92 121
92 130
92 144
92 145
92 150
92 151
93 3
93 5
93 19
93 22
93 27
93 40
93 41
93 50
93 54
93 60
93 78
93 89
93 92
93 99
93 110
93 115
93 121
93 136
93 145
93 149
93 151
94 6
94 40
94 78
94 79
94 92
94 119
95 69
96 5
96 27
96 32
96 37
96 50
96 54
96 67
96 76
96 78
96 79
96 84
96 89
96 91
96 92
96 93
96 96
96 109
96 130
96 135
96 144
96 145
96 150
96 151
97 11
97 85
97 97
97 101
97 135
97 141
98 4
98 36
98 45
98 138
99 2
99 3
99 9
99 15
99 22
99 30
99 34
99 41
99 46
99 65
99 66
99 78
99 93
99 99
99 100
99 110
99 118
99 119
99 123
99 124
99 132
99 136
99 137
99 142
99 148
99 149
99 156
100 30
100 99
101 2
101 60
101 77
101 101
101 118
101 119
101 135
101 147
101 155
102 10
102 28
102 35
102 48
102 49
102 58
102 73
102 74
102 82
102 102
102 146
102 154
103 4
103 31
103 44
103 56
103 64
103 67
103 70
103 113
103 118
103 124
103 130
104 4
104 85
104 156
105 11
105 40
105 51
105 84
105 91
105 92
105 106
105 143
106 21
106 106
106 132
106 134
107 42
107 64
107 75
107 85
107 101
107 107
107 118
107 153
108 3
108 9
108 22
108 57
108 69
108 100
108 108
109 20
109 71
109 89
109 94
109 96
109 151
110 16
110 22
110 27
110 41
110 46
110 50
110 54
110 60
110 66
110 78
110 92
110 93
110 99
110 106
110 110
110 114
110 123
110 142
110 148
110 156
111 15
111 23
111 34
111 41
111 60
112 17
112 36
112 45
112 115
112 120
112 128
112 138
113 1
113 4
113 6
113 30
113 31
113 37
113 44
113 56
113 63
113 64
113 67
113 70
113 71
113 75
113 80
113 90
113 91
113 101
113 103
113 107
113 118
113 119
113 124
113 127
113 129
113 141
113 144
113 153
114 12
114 16
114 21
114 27
114 35
114 46
114 54
114 62
114 66
114 110
114 123
114 132
115 4
115 19
115 47
115 90
115 98
115 112
115 120
115 137
115 138
115 149
116 10
116 18
116 28
116 39
116 48
116 58
116 73
116 74
116 82
116 102
116 116
116 146
116 154
117 6
117 11
117 32
117 54
117 66
117 69
117 79
117 80
117 91
117 92
117 94
117 117
117 125
117 147
117 148
118 6
118 9
118 10
118 14
118 15
118 18
118 21
118 22
118 28
118 30
118 34
118 35
118 44
118 48
118 49
118 52
118 58
118 65
118 67
118 70
118 73
118 80
118 81
118 92
118 99
118 100
118 101
118 103
118 111
118 113
118 116
118 118
118 123
118 130
118 133
118 136
118 142
118 144
119 1
119 6
119 31
119 37
119 44
119 56
119 67
119 70
119 76
119 77
119 80
119 90
119 94
119 101
119 103
119 113
119 118
119 119
119 127
119 129
119 130
119 132
119 141
119 150
119 153
120 17
120 19
120 36
120 45
120 47
120 90
120 98
120 112
120 115
120 134
120 137
120 138
121 2
121 5
121 16
121 27
121 50
121 54
121 60
121 77
121 78
121 80
121 91
121 93
121 96
121 99
121 110
121 121
121 144
121 147
121 151
122 2
122 12
122 46
122 62
122 66
122 69
122 83
122 122
122 125
122 148
122 155
122 156
123 3
123 21
123 25
123 46
123 47
123 62
123 66
123 69
123 83
123 99
123 114
123 122
123 123
123 125
123 132
123 148
124 1
124 2
124 16
124 20
124 29
124 42
124 44
124 54
124 63
124 66
124 71
124 79
124 89
124 91
124 99
124 103
124 109
124 124
124 135
124 148
125 1
125 3
125 6
125 8
125 12
125 18
125 35
125 46
125 48
125 49
125 57
125 62
125 66
125 69
125 70
125 81
125 83
125 99
125 122
125 123
125 125
125 132
125 134
125 144
125 148
125 150
125 155
126 19
126 24
126 45
126 72
126 88
126 126
126 128
126 138
127 1
127 32
127 44
127 56
127 64
127 103
127 113
127 119
127 127
127 135
127 141
127 147
127 153
128 17
128 24
128 45
128 72
128 88
128 112
128 120
128 126
128 128
128 138
129 31
129 44
129 119
130 76
130 92
130 96
130 103
130 119
130 130
130 144
130 150
132 18
132 21
132 22
132 41
132 46
132 54
132 62
132 66
132 99
132 106
132 110
132 114
132 118
132 119
132 123
132 132
132 134
132 148
133 13
133 14
133 52
133 108
133 133
133 142
134 4
134 21
134 34
134 47
134 114
134 128
134 132
134 134
134 138
135 56
135 66
135 75
135 101
135 109
135 124
135 135
136 1
136 3
136 9
136 15
136 22
136 30
136 41
136 44
136 46
136 79
136 91
136 99
136 111
136 124
136 135
136 136
136 148
136 155
137 22
137 44
137 56
137 90
137 99
137 134
138 4
138 17
138 19
138 36
138 45
138 88
138 90
138 98
138 112
138 115
138 120
138 126
138 128
138 134
138 137
138 138
138 149
141 1
141 21
141 31
141 37
141 44
141 54
141 56
141 62
141 67
141 70
141 103
141 113
141 127
141 129
141 141
141 144
141 153
142 9
142 14
142 22
142 100
142 108
142 133
143 40
144 1
144 2
144 9
144 21
144 27
144 30
144 37
144 44
144 56
144 66
144 67
144 76
144 79
144 85
144 91
144 92
144 124
144 130
144 141
144 144
144 145
144 150
145 44
145 90
145 92
145 96
145 101
145 141
145 144
145 147
146 10
146 18
146 28
146 35
146 39
146 48
146 49
146 57
146 58
146 73
146 74
146 81
146 82
146 83
146 102
146 116
146 146
146 154
147 6
147 32
147 79
147 94
147 101
147 117
147 127
147 147
148 1
148 2
148 8
148 12
148 29
148 46
148 62
148 66
148 69
148 83
148 91
148 117
148 122
148 125
148 155
149 3
149 8
149 22
149 41
149 64
149 66
149 93
149 99
149 110
149 135
149 149
149 156
150 31
150 44
150 64
150 76
150 92
150 103
150 119
150 129
150 130
150 144
150 150
151 2
151 5
151 55
151 60
151 91
151 93
151 96
151 109
151 121
151 144
151 151
153 31
153 44
153 70
153 75
153 103
153 129
153 144
154 28
154 48
154 73
154 74
154 82
154 102
154 141
154 146
154 154
155 1
155 2
155 3
155 8
155 22
155 25
155 60
155 63
155 66
155 77
155 79
155 80
155 84
155 85
155 91
155 97
155 117
155 122
155 124
155 136
155 144
155 148
155 155
156 30
156 44
156 66
156 85
156 104
156 122
156 124
156 148
